0001000010000000
0010100011001100
0001000010000001
0010100011001011
ERROR
0010100011001001
ERROR
0010100011001010
0001000100000010
0010100011001101
0001000010000011
0010100011001110
0001000010000100
0010100011001111
0010000001001111
0010000011001100
0111000000000001
1111100000011100
0010000011001011
0111000000000001
1111100000100110
0010000011001101
0111000000000001
1111100000110010
0010000011001110
0111000000000001
1111100000111110
0111100001001000
0010000001001001
0010000011001010
0010000101010000
0010000111010001
0101000010001000
0101100011001000
0010100111010001
0010100101010000
0010100111001010
0010100101001001
0010000001001001
0010000011001010
0010000101010000
0010000111010001
0101000010001000
0110100000000000
0110100000001001
0101100011001000
0010100111010001
0010100101010000
0010100111001010
0010100101001001
0010000001001001
0010000011001010
0010000101010000
0010000111010001
0101100010001000
0110100000000000
0110100000001001
0101000011001000
0010100111010001
0010100101010000
0010100111001010
0010100101001001
0010000001001001
0010000011001010
0010000101010000
0010000111010001
0101100010001000
0101000011001000
0010100111010001
0010100101010000
0010100111001010
0010100101001001
1101000000000000
