0001000000000000
0001000010000000
0001000100000101
0001000110000001
0001001000000010
0010100110101110
0010100110101111
0010100110101100
0010100110101011
0000100010010011
0111000000010000
1111100000101010
0010001100101101
0011100000110100
0000000110110011
0010101100101101
0111000000001011
1111100000010011
0111100000011101
0010000000101110
0010000010101111
0000000000001000
0001100000110111
0010100000101110
0010100000101100
0100001100000011
0111000000110011
1111100000101001
0111100000100101
0010000000101110
0010000010101111
0000000001000001
0001100000110111
0010100010101111
0010100010101100
0111000000110011
1111100000101001
0010000000101101
0111000000000010
1111100000101010
0111100000001100
0010101010101011
1101000000000000
