0001000010000000
0010100011001011
0010100011001110
0001000010000001
0010100011001010
ERROR
0010100011001000
ERROR
0010100011001001
0001000100000010
0010100011001100
0001000010000011
0010100011001101
0010000001001110
0010000011001011
0111000000000001
1111100000011011
0010000011001010
0111000000000001
1111100000100101
0010000011001100
0111000000000001
1111100000110001
0010000011001101
0111000000000001
1111100000111101
0111100001000111
0010000001001000
0010000011001001
0010000101001111
0010000111010000
0101000010001000
0101100011001000
0010100111010000
0010100101001111
0010100111001001
0010100101001000
0010000001001000
0010000011001001
0010000101001111
0010000111010000
0101000010001000
0110100000000000
0110100000001001
0101100011001000
0010100111010000
0010100101001111
0010100111001001
0010100101001000
0010000001001000
0010000011001001
0010000101001111
0010000111010000
0101100010001000
0110100000000000
0110100000001001
0101000011001000
0010100111010000
0010100101001111
0010100111001001
0010100101001000
0010000001001000
0010000011001001
0010000101001111
0010000111010000
0101100010001000
0101000011001000
0010100111010000
0010100101001111
0010100111001001
0010100101001000
1101000000000000
